banner_jugadores.swf Informe de película
-----------------------------------------

Fotograma #    Bytes de fotograma    Bytes totales    Escena
-----------    ------------------    -------------    ------
          1                 19635            19635    Escena 1 (Fotograma de exportación para clases de AS 2.0)
          2                    19            19654    
          3                    19            19673    
          4                    19            19692    
          5                    19            19711    
          6                    19            19730    
          7                    19            19749    
          8                    19            19768    
          9                    19            19787    
         10                    19            19806    
         11                    15            19821    
         12                     1            19822    
         13                     1            19823    
         14                     1            19824    
         15                     1            19825    
         16                     1            19826    
         17                     1            19827    
         18                     1            19828    
         19                     1            19829    
         20                     1            19830    
         21                     1            19831    
         22                    19            19850    
         23                    19            19869    
         24                    19            19888    
         25                    19            19907    
         26                    19            19926    
         27                    19            19945    
         28                    19            19964    
         29                    19            19983    
         30                    19            20002    
         31                    19            20021    
         32                 12957            32978    
         33                    19            32997    
         34                    19            33016    
         35                    19            33035    
         36                    19            33054    
         37                    19            33073    
         38                    19            33092    
         39                    19            33111    
         40                    19            33130    
         41                    19            33149    
         42                    15            33164    
         43                     1            33165    
         44                     1            33166    
         45                     1            33167    
         46                     1            33168    
         47                     1            33169    
         48                     1            33170    
         49                     1            33171    
         50                     1            33172    
         51                     1            33173    
         52                     1            33174    
         53                    19            33193    
         54                    19            33212    
         55                    19            33231    
         56                    19            33250    
         57                    19            33269    
         58                    19            33288    
         59                    19            33307    
         60                    19            33326    
         61                    19            33345    
         62                  7159            40504    
         63                    26            40530    
         64                    19            40549    
         65                    19            40568    
         66                    19            40587    
         67                    19            40606    
         68                    19            40625    
         69                    19            40644    
         70                    19            40663    
         71                    19            40682    
         72                    15            40697    
         73                     1            40698    
         74                     1            40699    
         75                     1            40700    
         76                     1            40701    
         77                     1            40702    
         78                     1            40703    
         79                     1            40704    
         80                     1            40705    
         81                     1            40706    
         82                     1            40707    
         83                    19            40726    
         84                    19            40745    
         85                    19            40764    
         86                    19            40783    
         87                    19            40802    
         88                    19            40821    
         89                    19            40840    
         90                    19            40859    
         91                    19            40878    
         92                    19            40897    
         93                 12878            53775    
         94                    19            53794    
         95                    19            53813    
         96                    19            53832    
         97                    19            53851    
         98                    19            53870    
         99                    19            53889    
        100                    19            53908    
        101                    19            53927    
        102                    15            53942    
        103                     1            53943    
        104                     1            53944    
        105                     1            53945    
        106                     1            53946    
        107                     1            53947    
        108                     1            53948    
        109                     1            53949    
        110                     1            53950    
        111                     1            53951    
        112                     1            53952    
        113                    19            53971    
        114                    19            53990    
        115                    19            54009    
        116                    19            54028    
        117                    19            54047    
        118                    19            54066    
        119                    19            54085    
        120                    19            54104    
        121                    19            54123    
        122                 12355            66478    
        123                    26            66504    
        124                    19            66523    
        125                    19            66542    
        126                    19            66561    
        127                    19            66580    
        128                    19            66599    
        129                    19            66618    
        130                    19            66637    
        131                    19            66656    
        132                    15            66671    
        133                     1            66672    
        134                     1            66673    
        135                     1            66674    
        136                     1            66675    
        137                     1            66676    
        138                     1            66677    
        139                     1            66678    
        140                     1            66679    
        141                     1            66680    
        142                     1            66681    
        143                    19            66700    
        144                    19            66719    
        145                    19            66738    
        146                    19            66757    
        147                    19            66776    
        148                    19            66795    
        149                    19            66814    
        150                    19            66833    
        151                    19            66852    
        152                    19            66871    
        153                     8            66879    
        154                 10730            77609    
        155                    19            77628    
        156                    19            77647    
        157                    19            77666    
        158                    19            77685    
        159                    19            77704    
        160                    19            77723    
        161                    19            77742    
        162                    19            77761    
        163                    19            77780    
        164                    15            77795    
        165                     1            77796    
        166                     1            77797    
        167                     1            77798    
        168                     1            77799    
        169                     1            77800    
        170                     1            77801    
        171                     1            77802    
        172                     1            77803    
        173                     1            77804    
        174                     1            77805    
        175                    19            77824    
        176                    19            77843    
        177                    19            77862    
        178                    19            77881    
        179                    19            77900    
        180                    19            77919    
        181                    19            77938    
        182                    19            77957    
        183                    19            77976    
        184                 11593            89569    
        185                    26            89595    
        186                    19            89614    
        187                    19            89633    
        188                    19            89652    
        189                    19            89671    
        190                    19            89690    
        191                    19            89709    
        192                    19            89728    
        193                    19            89747    
        194                    15            89762    
        195                     1            89763    
        196                     1            89764    
        197                     1            89765    
        198                     1            89766    
        199                     1            89767    
        200                     1            89768    
        201                     1            89769    
        202                     1            89770    
        203                     1            89771    
        204                     1            89772    
        205                    19            89791    
        206                    19            89810    
        207                    19            89829    
        208                    19            89848    
        209                    19            89867    
        210                    19            89886    
        211                    19            89905    
        212                    19            89924    
        213                    19            89943    
        214                  8688            98631    
        215                    26            98657    
        216                    19            98676    
        217                    19            98695    
        218                    19            98714    
        219                    19            98733    
        220                    19            98752    
        221                    19            98771    
        222                    19            98790    
        223                    19            98809    
        224                    15            98824    
        225                     1            98825    
        226                     1            98826    
        227                     1            98827    
        228                     1            98828    
        229                     1            98829    
        230                     1            98830    
        231                     1            98831    
        232                     1            98832    
        233                     1            98833    
        234                     1            98834    
        235                    19            98853    
        236                    19            98872    
        237                    19            98891    
        238                    19            98910    
        239                    19            98929    
        240                    19            98948    
        241                    19            98967    
        242                    19            98986    
        243                    19            99005    
        244                    19            99024    
        245                  9539           108563    
        246                    19           108582    
        247                    19           108601    
        248                    19           108620    
        249                    19           108639    
        250                    19           108658    
        251                    19           108677    
        252                    19           108696    
        253                    19           108715    
        254                    19           108734    
        255                    15           108749    
        256                     1           108750    
        257                     1           108751    
        258                     1           108752    
        259                     1           108753    
        260                     1           108754    
        261                     1           108755    
        262                     1           108756    
        263                     1           108757    
        264                     1           108758    
        265                     1           108759    
        266                    19           108778    
        267                    19           108797    
        268                    19           108816    
        269                    19           108835    
        270                    19           108854    
        271                    19           108873    
        272                    19           108892    
        273                    19           108911    
        274                    19           108930    
        275                    19           108949    
        276                 13040           121989    
        277                    19           122008    
        278                    19           122027    
        279                    19           122046    
        280                    19           122065    
        281                    19           122084    
        282                    19           122103    
        283                    19           122122    
        284                    19           122141    
        285                    19           122160    
        286                    15           122175    
        287                     1           122176    
        288                     1           122177    
        289                     1           122178    
        290                     1           122179    
        291                     1           122180    
        292                     1           122181    
        293                     1           122182    
        294                     1           122183    
        295                     1           122184    
        296                     1           122185    
        297                    19           122204    
        298                    19           122223    
        299                    19           122242    
        300                    19           122261    
        301                    19           122280    
        302                    19           122299    
        303                    19           122318    
        304                    19           122337    
        305                    19           122356    
        306                 12783           135139    
        307                    26           135165    
        308                    19           135184    
        309                    19           135203    
        310                    19           135222    
        311                    19           135241    
        312                    19           135260    
        313                    19           135279    
        314                    19           135298    
        315                    19           135317    
        316                    15           135332    
        317                     1           135333    
        318                     1           135334    
        319                     1           135335    
        320                     1           135336    
        321                     1           135337    
        322                     1           135338    
        323                     1           135339    
        324                     1           135340    
        325                     1           135341    
        326                     1           135342    
        327                    19           135361    
        328                    19           135380    
        329                    19           135399    
        330                    19           135418    
        331                    19           135437    
        332                    19           135456    
        333                    19           135475    
        334                    19           135494    
        335                    19           135513    
        336                  9643           145156    
        337                    26           145182    
        338                    19           145201    
        339                    19           145220    
        340                    19           145239    
        341                    19           145258    
        342                    19           145277    
        343                    19           145296    
        344                    19           145315    
        345                    19           145334    
        346                    15           145349    
        347                     1           145350    
        348                     1           145351    
        349                     1           145352    
        350                     1           145353    
        351                     1           145354    
        352                     1           145355    
        353                     1           145356    
        354                     1           145357    
        355                     1           145358    
        356                     1           145359    
        357                    19           145378    
        358                    19           145397    
        359                    19           145416    
        360                    19           145435    
        361                    19           145454    
        362                    19           145473    
        363                    19           145492    
        364                    19           145511    
        365                    19           145530    
        366                    19           145549    
        367                 11020           156569    
        368                    19           156588    
        369                    19           156607    
        370                    19           156626    
        371                    19           156645    
        372                    19           156664    
        373                    19           156683    
        374                    19           156702    
        375                    19           156721    
        376                    15           156736    
        377                     1           156737    
        378                     1           156738    
        379                     1           156739    
        380                     1           156740    
        381                     1           156741    
        382                     1           156742    
        383                     1           156743    
        384                     1           156744    
        385                     1           156745    
        386                     1           156746    
        387                     1           156747    
        388                     1           156748    
        389                     1           156749    
        390                     1           156750    
        391                     1           156751    
        392                     1           156752    
        393                     1           156753    
        394                     1           156754    
        395                     1           156755    
        396                 10217           166972    
        397                    19           166991    
        398                    19           167010    
        399                    19           167029    
        400                    19           167048    
        401                    19           167067    
        402                    19           167086    
        403                    19           167105    
        404                    19           167124    
        405                    19           167143    
        406                    15           167158    
        407                     1           167159    
        408                     1           167160    
        409                     1           167161    
        410                     1           167162    
        411                     1           167163    
        412                     1           167164    
        413                     1           167165    
        414                     1           167166    
        415                     1           167167    
        416                     1           167168    
        417                    19           167187    
        418                    19           167206    
        419                    19           167225    
        420                    19           167244    
        421                    19           167263    
        422                    19           167282    
        423                    19           167301    
        424                    19           167320    
        425                    19           167339    
        426                    19           167358    
        427                 17697           185055    
        428                    19           185074    
        429                    19           185093    
        430                    19           185112    
        431                    19           185131    
        432                    19           185150    
        433                    19           185169    
        434                    19           185188    
        435                    19           185207    
        436                    19           185226    
        437                    15           185241    
        438                     1           185242    
        439                     1           185243    
        440                     1           185244    
        441                     1           185245    
        442                     1           185246    
        443                     1           185247    
        444                     1           185248    
        445                     1           185249    
        446                     1           185250    
        447                     1           185251    
        448                    23           185274    
        449                    23           185297    
        450                    23           185320    
        451                    23           185343    
        452                    23           185366    
        453                    23           185389    
        454                    23           185412    
        455                    23           185435    
        456                    23           185458    
        457                 18332           203790    
        458                    26           203816    
        459                    19           203835    
        460                    19           203854    
        461                    19           203873    
        462                    19           203892    
        463                    19           203911    
        464                    19           203930    
        465                    19           203949    
        466                    19           203968    
        467                    15           203983    
        468                     1           203984    
        469                     1           203985    
        470                     1           203986    
        471                     1           203987    
        472                     1           203988    
        473                     1           203989    
        474                     1           203990    
        475                     1           203991    
        476                     1           203992    
        477                     1           203993    
        478                    23           204016    
        479                    23           204039    
        480                    23           204062    
        481                    23           204085    
        482                    23           204108    
        483                    23           204131    
        484                    23           204154    
        485                    23           204177    
        486                    23           204200    
        487                    23           204223    
        488                 11518           215741    
        489                    19           215760    
        490                    19           215779    
        491                    19           215798    
        492                    19           215817    
        493                    19           215836    
        494                    19           215855    
        495                    19           215874    
        496                    19           215893    
        497                    19           215912    
        498                    14           215926    
        499                     1           215927    
        500                     1           215928    
        501                     1           215929    
        502                     1           215930    
        503                     1           215931    
        504                     1           215932    
        505                     1           215933    
        506                     1           215934    
        507                     1           215935    
        508                     1           215936    
        509                    22           215958    
        510                    22           215980    
        511                    23           216003    
        512                    23           216026    
        513                    23           216049    
        514                    23           216072    
        515                    23           216095    
        516                    23           216118    
        517                    23           216141    
        518                    23           216164    
        519                 13085           229249    
        520                    19           229268    
        521                    19           229287    
        522                    19           229306    
        523                    19           229325    
        524                    19           229344    
        525                    19           229363    
        526                    19           229382    
        527                    19           229401    
        528                    19           229420    
        529                    14           229434    
        530                     1           229435    
        531                     1           229436    
        532                     1           229437    
        533                     1           229438    
        534                     1           229439    
        535                     1           229440    
        536                     1           229441    
        537                     1           229442    
        538                     1           229443    
        539                     1           229444    
        540                    22           229466    
        541                    22           229488    
        542                    22           229510    
        543                    23           229533    
        544                    23           229556    
        545                    23           229579    
        546                    23           229602    
        547                    23           229625    
        548                    23           229648    
        549                    23           229671    
        550                 16255           245926    
        551                    19           245945    
        552                    19           245964    
        553                    19           245983    
        554                    19           246002    
        555                    19           246021    
        556                    19           246040    
        557                    19           246059    
        558                    19           246078    
        559                    19           246097    
        560                    15           246112    
        561                     1           246113    
        562                     1           246114    
        563                     1           246115    
        564                     1           246116    
        565                     1           246117    
        566                     1           246118    
        567                     1           246119    
        568                     1           246120    
        569                     1           246121    
        570                     1           246122    
        571                    23           246145    
        572                    23           246168    
        573                    23           246191    
        574                    23           246214    
        575                    23           246237    
        576                    23           246260    
        577                    23           246283    
        578                    23           246306    
        579                    23           246329    
        580                    23           246352    
        581                 14556           260908    
        582                    19           260927    
        583                    19           260946    
        584                    19           260965    
        585                    19           260984    
        586                    19           261003    
        587                    19           261022    
        588                    19           261041    
        589                    19           261060    
        590                    19           261079    
        591                    15           261094    
        592                     1           261095    
        593                     1           261096    
        594                     1           261097    
        595                     1           261098    
        596                     1           261099    
        597                     1           261100    
        598                     1           261101    
        599                     1           261102    
        600                     1           261103    
        601                     1           261104    
        602                    23           261127    
        603                    23           261150    
        604                    23           261173    
        605                    23           261196    
        606                    23           261219    
        607                    23           261242    
        608                    23           261265    
        609                    23           261288    
        610                    23           261311    
        611                    23           261334    
        612                 30563           291897    
        613                    23           291920    
        614                    23           291943    
        615                    23           291966    
        616                    23           291989    
        617                    23           292012    
        618                    23           292035    
        619                    23           292058    
        620                    23           292081    
        621                    23           292104    
        622                    19           292123    
        623                     1           292124    
        624                     1           292125    
        625                     1           292126    
        626                     1           292127    
        627                     1           292128    
        628                     1           292129    
        629                     1           292130    
        630                     1           292131    
        631                     1           292132    
        632                     1           292133    
        633                    26           292159    
        634                    26           292185    
        635                    26           292211    
        636                    26           292237    
        637                    26           292263    
        638                    26           292289    
        639                    26           292315    
        640                    27           292342    
        641                    27           292369    
        642                    27           292396    
        643                  9591           301987    
        644                    19           302006    
        645                    19           302025    
        646                    19           302044    
        647                    19           302063    
        648                    19           302082    
        649                    19           302101    
        650                    19           302120    
        651                    19           302139    
        652                    19           302158    
        653                    14           302172    
        654                     1           302173    
        655                     1           302174    
        656                     1           302175    
        657                     1           302176    
        658                     1           302177    
        659                     1           302178    
        660                     1           302179    
        661                     1           302180    
        662                     1           302181    
        663                     1           302182    
        664                    22           302204    
        665                    22           302226    
        666                    23           302249    
        667                    23           302272    
        668                    23           302295    
        669                    23           302318    
        670                    23           302341    
        671                    23           302364    
        672                    23           302387    
        673                    23           302410    
        674                    23           302433    
        675                 13025           315458    
        676                    19           315477    
        677                    19           315496    
        678                    19           315515    
        679                    19           315534    
        680                    19           315553    
        681                    19           315572    
        682                    19           315591    
        683                    19           315610    
        684                    19           315629    
        685                    15           315644    
        686                     1           315645    
        687                     1           315646    
        688                     1           315647    
        689                     1           315648    
        690                     1           315649    
        691                     1           315650    
        692                     1           315651    
        693                     1           315652    
        694                     1           315653    
        695                     1           315654    
        696                    23           315677    
        697                    23           315700    
        698                    23           315723    
        699                    23           315746    
        700                    23           315769    
        701                    23           315792    
        702                    23           315815    
        703                    23           315838    
        704                    23           315861    
        705                    23           315884    

Escena      Bytes de forma    Bytes de texto    Bytes de ActionScript
--------    --------------    --------------    ---------------------
Escena 1                 0                 0                        0

Símbolo                   Bytes de forma    Bytes de texto    Bytes de ActionScript
----------------------    --------------    --------------    ---------------------
alonso_bazalar                         0                 0                        0
Animar 1                               0                 0                        0
Animar 3                               0                 0                        0
Animar 4                               0                46                        0
Animar 10                              0                 0                        0
Animar 11                              0                47                        0
Animar 12                              0                 0                        0
Animar 13                              0                46                        0
Animar 22                              0                 0                        0
Animar 23                              0                46                        0
Animar 24                              0                 0                        0
Animar 25                              0                49                        0
Animar 30                              0                 0                        0
Animar 31                              0                56                        0
Animar 32                              0                 0                        0
Animar 33                              0                44                        0
Animar 34                              0                 0                        0
Animar 35                              0                58                        0
Animar 38                              0                 0                        0
Animar 39                              0                 0                        0
Animar 40                              0                 0                        0
Animar 41                              0                 0                        0
Animar 44                              0                 0                        0
Animar 45                              0                44                        0
Animar 48                              0                 0                        0
Animar 49                              0                56                        0
Animar 52                              0                 0                        0
Animar 53                              0                46                        0
Animar 54                              0                 0                        0
Animar 55                              0                49                        0
Animar 56                              0                 0                        0
Animar 57                              0                 0                        0
Animar 58                              0                 0                        0
Animar 59                              0                43                        0
Animar 60                              0                 0                        0
Animar 62                              0                 0                        0
Animar 65                              0                 0                        0
Animar 66                              0                46                        0
Animar 67                              0                 0                        0
Animar 68                              0                 0                        0
Carlos Garcia                          0                 0                        0
Carlos Garcia texto                    0                 0                        0
cristian-carranza                      0                 0                        0
cristian-carranza-text                 0                53                        0
Edwin Retamoso                         0                 0                        0
Edwin Retamoso texto                   0                 0                        0
Ever Chavez                            0                 0                        0
Ever Chavez texto                      0                 0                        0
Hanz Tarrillo                          0                 0                        0
Hanz Tarrillo texto                    0                 0                        0
Hilden Salas                           0                 0                        0
Hilden Salas texto                     0                46                        0
Joao Pereira                           0                 0                        0
Joao Pereira texto                     0                46                        0
Joel Pinto                             0                 0                        0
Joel Pinto texto                       0                42                        0
leo-aguilar-text                       0                44                        0
leo-aguilat                            0                 0                        0
Luis Romero                            0                 0                        0
Luis Romero texto                      0                44                        0
Martin Hidalgo                         0                 0                        0
Martin Hidalgo texto                   0                 0                        0
Raul Penalillo                         0                 0                        0
Raul Penalillo texto                   0                 0                        0
Rodolfo Ojeda                          0                 0                        0
Rodolfo Ojeda texto                    0                 0                        0
Saul Anikama                           0                 0                        0
Saul Anikama texto                     0                46                        0
Victor Peña                           0                 0                        0
Victor Peña texto                     0                44                        0
Wilder Galiquio                        0                 0                        0
Wilder Galiquio texto                  0                 0                        0
Yancarlo Casas                         0                 0                        0
Yancarlo Casas texto                   0                49                        0
Símbolo 133                           0                 0                        0

Nombre de fuente       Bytes         Caracteres
-------------------    ----------    ----------
Tahoma-Bold Negrita          2893     ACDEHJLMOPQRSVYabcdefghijklmnoprstuvxyzñú

Mapa de bits                Comprimido    Original      Compresión
------------------------    ----------    ----------    ----------
fondobanner2.jpg                 10434        480000    Calidad JPEG=50
carlos_solis.gif                  6106        176280    Calidad JPEG=50
duffo.gif                        12831        156512    Calidad JPEG=50
exal_rosales.gif                  7010         51200    Calidad JPEG=50
jesus_chavez.gif                 12741        301740    Calidad JPEG=50
jesus_cisneros                   12204        141000    Calidad JPEG=50
juan_carlos_marinios.gif         10590        331820    Calidad JPEG=50
leiva.gif                        11447        103096    Calidad JPEG=50
llanos.gif                        8528        176220    Calidad JPEG=50
perez                             9403        198240    Calidad JPEG=50
quintanilla.gif                  12905        148000    Calidad JPEG=50
renzo_sheput.gif                 12634        262800    Calidad JPEG=50
reyes.gif                         9491        197532    Calidad JPEG=50
roman_ojeda.gif                  10885        170040    Calidad JPEG=50
ryan_salazar.gif                 10086        200800    Calidad JPEG=50
cristian-carranza.png            17564        309000    Calidad JPEG=80
Leo-Aguilar.png                  18182        369256    Calidad JPEG=80
hilden-salas.png                 11393        211288    Calidad JPEG=80
joao-pereira.png                 12971        266400    Calidad JPEG=80
joel-pinto.png                   16128        331820    Calidad JPEG=80
luis-romero.png                  14443        277300    Calidad JPEG=80
anikama.png                      30440        781152    Calidad JPEG=80
victor-penia.png                  9475        174528    Calidad JPEG=80
yancarlo-casas.png               12907        211120    Calidad JPEG=80




